1 2 0.83502302602164 0.260984848484848 0.464036931056067 0.340530303030303
1 3 0.83502302602164 0.260984848484848 0.464036931056067 0.340530303030303
1 4 0.83502302602164 0.260984848484848 0.46922561030135 0.349621212121212
1 5 0.83502302602164 0.260984848484848 0.46922561030135 0.349621212121212
1 6 0.83502302602164 0.260984848484848 0.471819949923992 0.349621212121212
1 7 0.83502302602164 0.260984848484848 0.480074666905124 0.349621212121212
1 8 0.83502302602164 0.24280303030303 0.491166279173746 0.322348484848485
1 9 0.83502302602164 0.24280303030303 0.493760618796387 0.31780303030303
1 10 0.83502302602164 0.24280303030303 0.502487033890727 0.326893939393939
2 2 0.651873379236341 0.29280303030303 0.464036931056067 0.345075757575757
2 3 0.651873379236341 0.29280303030303 0.464036931056067 0.345075757575757
2 4 0.651873379236341 0.29280303030303 0.46922561030135 0.354166666666667
2 5 0.651873379236341 0.29280303030303 0.46922561030135 0.354166666666667
2 6 0.651873379236341 0.29280303030303 0.471819949923992 0.354166666666667
2 7 0.651873379236341 0.29280303030303 0.480074666905124 0.354166666666667
2 8 0.651873379236341 0.301893939393939 0.491166279173746 0.322348484848485
2 9 0.651873379236341 0.301893939393939 0.493760618796387 0.31780303030303
2 10 0.651873379236341 0.301893939393939 0.502487033890727 0.326893939393939
3 2 0.608445855316105 0.323106060606061 0.46002302602164 0.340530303030303
3 3 0.608445855316105 0.323106060606061 0.46002302602164 0.340530303030303
3 4 0.608445855316105 0.323106060606061 0.465211705266923 0.349621212121212
3 5 0.608445855316105 0.323106060606061 0.465211705266923 0.349621212121212
3 6 0.608445855316105 0.323106060606061 0.467334346776357 0.349621212121212
3 7 0.608445855316105 0.323106060606061 0.475353214700885 0.349621212121212
3 8 0.608445855316105 0.323106060606061 0.483850487346866 0.322348484848485
3 9 0.608445855316105 0.323106060606061 0.494227845837432 0.31780303030303
3 10 0.608445855316105 0.323106060606061 0.500831619422338 0.326893939393939
4 2 0.574225386747742 0.264772727272727 0.460494724134847 0.340151515151515
4 3 0.574225386747742 0.264772727272727 0.460494724134847 0.340151515151515
4 4 0.574225386747742 0.264772727272727 0.465683403380131 0.349242424242424
4 5 0.574225386747742 0.264772727272727 0.465683403380131 0.349242424242424
4 6 0.574225386747742 0.264772727272727 0.467806044889565 0.349242424242424
4 7 0.574225386747742 0.264772727272727 0.474881516587678 0.349242424242424
4 8 0.574225386747742 0.273863636363636 0.483372082625413 0.326515151515151
4 9 0.574225386747742 0.273863636363636 0.489508629169275 0.322348484848485
4 10 0.574225386747742 0.273863636363636 0.498235044263614 0.331439393939394
5 2 0.55086403469552 0.30530303030303 0.454828757936153 0.34469696969697
5 3 0.55086403469552 0.30530303030303 0.454828757936153 0.34469696969697
5 4 0.55086403469552 0.30530303030303 0.460017437181436 0.353787878787879
5 5 0.55086403469552 0.30530303030303 0.460017437181436 0.353787878787879
5 6 0.55086403469552 0.30530303030303 0.463791022087096 0.353787878787879
5 7 0.55086403469552 0.30530303030303 0.470630644728606 0.358333333333333
5 8 0.55086403469552 0.291666666666667 0.479592908879549 0.335606060606061
5 9 0.55086403469552 0.291666666666667 0.491625681838505 0.313257575757576
5 10 0.55086403469552 0.291666666666667 0.496106813913977 0.308712121212121
6 2 0.533157471161585 0.30530303030303 0.451517928999374 0.34469696969697
6 3 0.533157471161585 0.30530303030303 0.451517928999374 0.34469696969697
6 4 0.533157471161585 0.30530303030303 0.456706608244657 0.353787878787879
6 5 0.533157471161585 0.30530303030303 0.456706608244657 0.353787878787879
6 6 0.533157471161585 0.30530303030303 0.460480193150317 0.353787878787879
6 7 0.533157471161585 0.291666666666667 0.469206608244657 0.358333333333333
6 8 0.533157471161585 0.300757575757576 0.474631136546544 0.335606060606061
6 9 0.533157471161585 0.300757575757576 0.485248815165877 0.313257575757576
6 10 0.533157471161585 0.300757575757576 0.492795984977197 0.299621212121212
7 2 0.518759501028347 0.295454545454545 0.451517928999374 0.349242424242424
7 3 0.518759501028347 0.295454545454545 0.451517928999374 0.349242424242424
7 4 0.518759501028347 0.295454545454545 0.456706608244657 0.358333333333333
7 5 0.518759501028347 0.295454545454545 0.456706608244657 0.358333333333333
7 6 0.518759501028347 0.295454545454545 0.46000849503711 0.362878787878788
7 7 0.518759501028347 0.295454545454545 0.467791513905034 0.367424242424242
7 8 0.518759501028347 0.286363636363636 0.476046230886166 0.34469696969697
7 9 0.518759501028347 0.290909090909091 0.480767683090405 0.335984848484848
7 10 0.518759501028347 0.290909090909091 0.488079003845122 0.335984848484848
8 2 0.502478091746401 0.291287878787879 0.4508059107574 0.34469696969697
8 3 0.502478091746401 0.291287878787879 0.4508059107574 0.34469696969697
8 4 0.502478091746401 0.291287878787879 0.455994590002683 0.353787878787879
8 5 0.502478091746401 0.291287878787879 0.455994590002683 0.353787878787879
8 6 0.502478091746401 0.291287878787879 0.457645533398909 0.358333333333333
8 7 0.502478091746401 0.291287878787879 0.468494590002683 0.353787878787879
8 8 0.502478091746401 0.304924242424242 0.476985156040418 0.340151515151515
8 9 0.502478091746401 0.304924242424242 0.479348117678619 0.331439393939394
8 10 0.502478091746401 0.304924242424242 0.485480193150317 0.326893939393939
9 2 0.49516118215148 0.326515151515151 0.450093892515425 0.34469696969697
9 3 0.49516118215148 0.326515151515151 0.450093892515425 0.34469696969697
9 4 0.49516118215148 0.326515151515151 0.455282571760708 0.353787878787879
9 5 0.49516118215148 0.326515151515151 0.455282571760708 0.353787878787879
9 6 0.49516118215148 0.326515151515151 0.455990118930519 0.353787878787879
9 7 0.49516118215148 0.326515151515151 0.468022891889475 0.357954545454545
9 8 0.49516118215148 0.326515151515151 0.475098363587588 0.344318181818182
9 9 0.49516118215148 0.317424242424242 0.480525127425557 0.326136363636364
9 10 0.49516118215148 0.317424242424242 0.484062863274613 0.326136363636364
10 2 0.484062863274613 0.330681818181818 0.446082223017079 0.34469696969697
10 3 0.484062863274613 0.330681818181818 0.446082223017079 0.34469696969697
10 4 0.484062863274613 0.330681818181818 0.450563355092551 0.349242424242424
10 5 0.484062863274613 0.330681818181818 0.450563355092551 0.349242424242424
10 6 0.484062863274613 0.330681818181818 0.45551618528123 0.340151515151515
10 7 0.484062863274613 0.321590909090909 0.463065590628633 0.353787878787879
10 8 0.484062863274613 0.321590909090909 0.471792005722972 0.326515151515151
10 9 0.484062863274613 0.321590909090909 0.475804792989359 0.317424242424242
10 10 0.484062863274613 0.321590909090909 0.478399132612 0.312878787878788
11 2 0.473442949119199 0.317424242424242 0.442067200214611 0.349242424242424
11 3 0.473442949119199 0.317424242424242 0.442067200214611 0.349242424242424
11 4 0.473442949119199 0.317424242424242 0.446076634176876 0.353787878787879
11 5 0.473442949119199 0.317424242424242 0.446076634176876 0.353787878787879
11 6 0.473442949119199 0.317424242424242 0.449142671912725 0.34469696969697
11 7 0.473442949119199 0.317424242424242 0.45881360100152 0.335606060606061
11 8 0.473442949119199 0.317424242424242 0.465656576947152 0.321969696969697
11 9 0.473442949119199 0.317424242424242 0.469666010909416 0.308333333333333
11 10 0.473442949119199 0.321590909090909 0.470846373960476 0.308333333333333
12 2 0.464709827416615 0.326515151515151 0.438758606813914 0.34469696969697
12 3 0.464709827416615 0.326515151515151 0.438758606813914 0.34469696969697
12 4 0.464709827416615 0.326515151515151 0.442768040776178 0.349242424242424
12 5 0.464709827416615 0.326515151515151 0.442768040776178 0.349242424242424
12 6 0.464709827416615 0.326515151515151 0.447485021908254 0.340151515151515
12 7 0.464709827416615 0.326515151515151 0.456448403827238 0.308333333333333
12 8 0.464709827416615 0.335606060606061 0.460225342037021 0.312878787878788
12 9 0.464709827416615 0.326515151515151 0.462112134489851 0.29469696969697
12 10 0.464709827416615 0.313257575757576 0.464002280246803 0.326515151515151
13 2 0.459511088258965 0.331060606060606 0.437099839041402 0.353409090909091
13 3 0.459511088258965 0.331060606060606 0.437099839041402 0.353409090909091
13 4 0.459511088258965 0.331060606060606 0.440637574890459 0.357954545454545
13 5 0.459511088258965 0.331060606060606 0.440637574890459 0.357954545454545
13 6 0.459511088258965 0.331060606060606 0.445590405079138 0.339772727272727
13 7 0.459511088258965 0.331060606060606 0.453848475364392 0.3125
13 8 0.459511088258965 0.326515151515151 0.455735267817223 0.307954545454545
13 9 0.459511088258965 0.321969696969697 0.458331842975946 0.303787878787879
13 10 0.459511088258965 0.321969696969697 0.459275239202361 0.312878787878788
14 2 0.452669230081374 0.331060606060606 0.433560985424305 0.349242424242424
14 3 0.452669230081374 0.331060606060606 0.433560985424305 0.349242424242424
14 4 0.452669230081374 0.331060606060606 0.437098721273361 0.349242424242424
14 5 0.452669230081374 0.331060606060606 0.439221362782795 0.358333333333333
14 6 0.452669230081374 0.331060606060606 0.442759098631852 0.358333333333333
14 7 0.452669230081374 0.331060606060606 0.450307386211214 0.330681818181818
14 8 0.452669230081374 0.335606060606061 0.451724716086918 0.317045454545454
14 9 0.452669230081374 0.340151515151515 0.452197531968166 0.326515151515151
14 10 0.452669230081374 0.34469696969697 0.452669230081374 0.335606060606061
15 2 0.447006617186801 0.318181818181818 0.432380622373245 0.340530303030303
15 3 0.447006617186801 0.318181818181818 0.432380622373245 0.340530303030303
15 4 0.447006617186801 0.318181818181818 0.435682509165698 0.340530303030303
15 5 0.447006617186801 0.318181818181818 0.437097603505321 0.340530303030303
15 6 0.447006617186801 0.331818181818182 0.440399490297773 0.340530303030303
15 7 0.447006617186801 0.336363636363636 0.444882857909327 0.345075757575757
15 8 0.447006617186801 0.340909090909091 0.446533801305553 0.327272727272727
15 9 0.447006617186801 0.322727272727273 0.447006617186801 0.327272727272727
15 10 0.447006617186801 0.322727272727273 0.447006617186801 0.327272727272727
16 2 0.441108155235626 0.295833333333333 0.430727443440937 0.336363636363636
16 3 0.441108155235626 0.295833333333333 0.430727443440937 0.336363636363636
16 4 0.441108155235626 0.295833333333333 0.434501028346598 0.340909090909091
16 5 0.441108155235626 0.295833333333333 0.436387820799428 0.35
16 6 0.441108155235626 0.295833333333333 0.438038764195654 0.345454545454545
16 7 0.441108155235626 0.295833333333333 0.440635339354377 0.304545454545454
16 8 0.441108155235626 0.300378787878788 0.441108155235626 0.295833333333333
16 9 0.441108155235626 0.300378787878788 0.441108155235626 0.295833333333333
16 10 0.441108155235626 0.300378787878788 0.441108155235626 0.295833333333333
17 2 0.44016475900921 0.309469696969697 0.431434990610748 0.336363636363636
17 3 0.44016475900921 0.309469696969697 0.431434990610748 0.336363636363636
17 4 0.44016475900921 0.309469696969697 0.434736877403201 0.336363636363636
17 5 0.44016475900921 0.309469696969697 0.436387820799428 0.345454545454545
17 6 0.44016475900921 0.314015151515151 0.437331217025843 0.336363636363636
17 7 0.44016475900921 0.314015151515151 0.439456094071358 0.313636363636364
17 8 0.44016475900921 0.318560606060606 0.44016475900921 0.309469696969697
17 9 0.44016475900921 0.318560606060606 0.44016475900921 0.309469696969697
17 10 0.44016475900921 0.318560606060606 0.44016475900921 0.309469696969697
18 2 0.438273495484217 0.309090909090909 0.430961056961459 0.336363636363636
18 3 0.438273495484217 0.309090909090909 0.430961056961459 0.336363636363636
18 4 0.438273495484217 0.309090909090909 0.434262943753912 0.336363636363636
18 5 0.438273495484217 0.313636363636364 0.435442189036931 0.340909090909091
18 6 0.438273495484217 0.313636363636364 0.435913887150139 0.336363636363636
18 7 0.438273495484217 0.295454545454545 0.437564830546365 0.318181818181818
18 8 0.438273495484217 0.295454545454545 0.438273495484217 0.309090909090909
18 9 0.438273495484217 0.295454545454545 0.438273495484217 0.309090909090909
18 10 0.438273495484217 0.295454545454545 0.438273495484217 0.309090909090909
19 2 0.438037646427613 0.313636363636364 0.430961056961459 0.336363636363636
19 3 0.438037646427613 0.313636363636364 0.430961056961459 0.336363636363636
19 4 0.438037646427613 0.313636363636364 0.434262943753912 0.336363636363636
19 5 0.438037646427613 0.318181818181818 0.435442189036931 0.340909090909091
19 6 0.438037646427613 0.318181818181818 0.435913887150139 0.336363636363636
19 7 0.438037646427613 0.3 0.437328981489761 0.322727272727273
19 8 0.438037646427613 0.3 0.438037646427613 0.313636363636364
19 9 0.438037646427613 0.3 0.438037646427613 0.313636363636364
19 10 0.438037646427613 0.3 0.438037646427613 0.313636363636364
20 2 0.434492086202271 0.314015151515151 0.428124161673969 0.336363636363636
20 3 0.434492086202271 0.314015151515151 0.428124161673969 0.336363636363636
20 4 0.434492086202271 0.314015151515151 0.430954350353215 0.340909090909091
20 5 0.434492086202271 0.314015151515151 0.432605293749441 0.340909090909091
20 6 0.434492086202271 0.309469696969697 0.433312840919253 0.322727272727273
20 7 0.434492086202271 0.300378787878788 0.434256237145668 0.304924242424242
20 8 0.434492086202271 0.300378787878788 0.434492086202271 0.300378787878788
20 9 0.434492086202271 0.300378787878788 0.434492086202271 0.300378787878788
20 10 0.434492086202271 0.300378787878788 0.434492086202271 0.300378787878788
21 2 0.430482652240007 0.300378787878788 0.424114727711705 0.331818181818182
21 3 0.430482652240007 0.300378787878788 0.424114727711705 0.331818181818182
21 4 0.430482652240007 0.300378787878788 0.427652463560762 0.336363636363636
21 5 0.430482652240007 0.300378787878788 0.429067557900385 0.336363636363636
21 6 0.430482652240007 0.304924242424242 0.4300109541268 0.318181818181818
21 7 0.430482652240007 0.309469696969697 0.430482652240007 0.304924242424242
21 8 0.430482652240007 0.309469696969697 0.430482652240007 0.304924242424242
21 9 0.430482652240007 0.309469696969697 0.430482652240007 0.304924242424242
21 10 0.430482652240007 0.309469696969697 0.430482652240007 0.304924242424242
22 2 0.427413261200036 0.304166666666667 0.423167978181168 0.336363636363636
22 3 0.427413261200036 0.304166666666667 0.423167978181168 0.336363636363636
22 4 0.427413261200036 0.304166666666667 0.425054770633998 0.336363636363636
22 5 0.427413261200036 0.304166666666667 0.425998166860413 0.336363636363636
22 6 0.427413261200036 0.308712121212121 0.426941563086828 0.309090909090909
22 7 0.427413261200036 0.308712121212121 0.427413261200036 0.3
22 8 0.427413261200036 0.308712121212121 0.427413261200036 0.3
22 9 0.427413261200036 0.308712121212121 0.427413261200036 0.3
22 10 0.427413261200036 0.308712121212121 0.427413261200036 0.3
23 2 0.423875525350979 0.308712121212121 0.421281185728338 0.327272727272727
23 3 0.423875525350979 0.308712121212121 0.421281185728338 0.327272727272727
23 4 0.423875525350979 0.308712121212121 0.421517034784941 0.327272727272727
23 5 0.423875525350979 0.308712121212121 0.423167978181168 0.318181818181818
23 6 0.423875525350979 0.308712121212121 0.423403827237772 0.318181818181818
23 7 0.423875525350979 0.308712121212121 0.423875525350979 0.309090909090909
23 8 0.423875525350979 0.308712121212121 0.423875525350979 0.309090909090909
23 9 0.423875525350979 0.308712121212121 0.423875525350979 0.309090909090909
23 10 0.423875525350979 0.308712121212121 0.423875525350979 0.309090909090909
24 2 0.41656085129214 0.331060606060606 0.413258964499687 0.326893939393939
24 3 0.41656085129214 0.331060606060606 0.413258964499687 0.326893939393939
24 4 0.41656085129214 0.331060606060606 0.41467405883931 0.331439393939394
24 5 0.41656085129214 0.331060606060606 0.41656085129214 0.326893939393939
24 6 0.41656085129214 0.321969696969697 0.41656085129214 0.318181818181818
24 7 0.41656085129214 0.321969696969697 0.41656085129214 0.318181818181818
24 8 0.41656085129214 0.321969696969697 0.41656085129214 0.318181818181818
24 9 0.41656085129214 0.321969696969697 0.41656085129214 0.318181818181818
24 10 0.41656085129214 0.321969696969697 0.41656085129214 0.318181818181818
25 2 0.41042654028436 0.281439393939394 0.409011445944737 0.277272727272727
25 3 0.41042654028436 0.281439393939394 0.409011445944737 0.277272727272727
25 4 0.41042654028436 0.285984848484848 0.409483144057945 0.281818181818182
25 5 0.41042654028436 0.285984848484848 0.41042654028436 0.281818181818182
25 6 0.41042654028436 0.285984848484848 0.41042654028436 0.281818181818182
25 7 0.41042654028436 0.285984848484848 0.41042654028436 0.281818181818182
25 8 0.41042654028436 0.285984848484848 0.41042654028436 0.281818181818182
25 9 0.41042654028436 0.285984848484848 0.41042654028436 0.281818181818182
25 10 0.41042654028436 0.285984848484848 0.41042654028436 0.281818181818182
26 2 0.406175668425288 0.286363636363636 0.405703970312081 0.295075757575758
26 3 0.406175668425288 0.286363636363636 0.405703970312081 0.295075757575758
26 4 0.406175668425288 0.290909090909091 0.406175668425288 0.299621212121212
26 5 0.406175668425288 0.295454545454545 0.406175668425288 0.299621212121212
26 6 0.406175668425288 0.295454545454545 0.406175668425288 0.299621212121212
26 7 0.406175668425288 0.295454545454545 0.406175668425288 0.299621212121212
26 8 0.406175668425288 0.295454545454545 0.406175668425288 0.299621212121212
26 9 0.406175668425288 0.295454545454545 0.406175668425288 0.299621212121212
26 10 0.406175668425288 0.295454545454545 0.406175668425288 0.299621212121212
27 2 0.406647366538496 0.304166666666667 0.406411517481892 0.304545454545454
27 3 0.406647366538496 0.304166666666667 0.406411517481892 0.304545454545454
27 4 0.406647366538496 0.304166666666667 0.406647366538496 0.304545454545454
27 5 0.406647366538496 0.304166666666667 0.406647366538496 0.304545454545454
27 6 0.406647366538496 0.304166666666667 0.406647366538496 0.304545454545454
27 7 0.406647366538496 0.304166666666667 0.406647366538496 0.304545454545454
27 8 0.406647366538496 0.304166666666667 0.406647366538496 0.304545454545454
27 9 0.406647366538496 0.304166666666667 0.406647366538496 0.304545454545454
27 10 0.406647366538496 0.304166666666667 0.406647366538496 0.304545454545454
28 2 0.406411517481892 0.304166666666667 0.406175668425288 0.304545454545454
28 3 0.406411517481892 0.304166666666667 0.406175668425288 0.304545454545454
28 4 0.406411517481892 0.304166666666667 0.406411517481892 0.304545454545454
28 5 0.406411517481892 0.304166666666667 0.406411517481892 0.304545454545454
28 6 0.406411517481892 0.304166666666667 0.406411517481892 0.304545454545454
28 7 0.406411517481892 0.304166666666667 0.406411517481892 0.304545454545454
28 8 0.406411517481892 0.304166666666667 0.406411517481892 0.304545454545454
28 9 0.406411517481892 0.304166666666667 0.406411517481892 0.304545454545454
28 10 0.406411517481892 0.304166666666667 0.406411517481892 0.304545454545454
29 2 0.406174550657248 0.299621212121212 0.405938701600644 0.3
29 3 0.406174550657248 0.299621212121212 0.405938701600644 0.3
29 4 0.406174550657248 0.299621212121212 0.406174550657248 0.3
29 5 0.406174550657248 0.299621212121212 0.406174550657248 0.3
29 6 0.406174550657248 0.299621212121212 0.406174550657248 0.3
29 7 0.406174550657248 0.299621212121212 0.406174550657248 0.3
29 8 0.406174550657248 0.299621212121212 0.406174550657248 0.3
29 9 0.406174550657248 0.299621212121212 0.406174550657248 0.3
29 10 0.406174550657248 0.299621212121212 0.406174550657248 0.3
30 2 0.405467003487436 0.299621212121212 0.405231154430833 0.3
30 3 0.405467003487436 0.299621212121212 0.405231154430833 0.3
30 4 0.405467003487436 0.299621212121212 0.405467003487436 0.3
30 5 0.405467003487436 0.299621212121212 0.405467003487436 0.3
30 6 0.405467003487436 0.299621212121212 0.405467003487436 0.3
30 7 0.405467003487436 0.299621212121212 0.405467003487436 0.3
30 8 0.405467003487436 0.299621212121212 0.405467003487436 0.3
30 9 0.405467003487436 0.299621212121212 0.405467003487436 0.3
30 10 0.405467003487436 0.299621212121212 0.405467003487436 0.3
31 2 0.404523607261021 0.299621212121212 0.404523607261021 0.290909090909091
31 3 0.404523607261021 0.299621212121212 0.404523607261021 0.290909090909091
31 4 0.404523607261021 0.299621212121212 0.404523607261021 0.3
31 5 0.404523607261021 0.299621212121212 0.404523607261021 0.3
31 6 0.404523607261021 0.299621212121212 0.404523607261021 0.3
31 7 0.404523607261021 0.299621212121212 0.404523607261021 0.3
31 8 0.404523607261021 0.299621212121212 0.404523607261021 0.3
31 9 0.404523607261021 0.299621212121212 0.404523607261021 0.3
31 10 0.404523607261021 0.299621212121212 0.404523607261021 0.3
32 2 0.404288875972458 0.299242424242424 0.404288875972458 0.29469696969697
32 3 0.404288875972458 0.299242424242424 0.404288875972458 0.29469696969697
32 4 0.404288875972458 0.303787878787879 0.404288875972458 0.303787878787879
32 5 0.404288875972458 0.303787878787879 0.404288875972458 0.303787878787879
32 6 0.404288875972458 0.303787878787879 0.404288875972458 0.303787878787879
32 7 0.404288875972458 0.303787878787879 0.404288875972458 0.303787878787879
32 8 0.404288875972458 0.303787878787879 0.404288875972458 0.303787878787879
32 9 0.404288875972458 0.303787878787879 0.404288875972458 0.303787878787879
32 10 0.404288875972458 0.303787878787879 0.404288875972458 0.303787878787879
33 2 0.402873781632836 0.290151515151515 0.402873781632836 0.299242424242424
33 3 0.402873781632836 0.290151515151515 0.402873781632836 0.299242424242424
33 4 0.402873781632836 0.299242424242424 0.402873781632836 0.29469696969697
33 5 0.402873781632836 0.299242424242424 0.402873781632836 0.29469696969697
33 6 0.402873781632836 0.299242424242424 0.402873781632836 0.29469696969697
33 7 0.402873781632836 0.299242424242424 0.402873781632836 0.29469696969697
33 8 0.402873781632836 0.299242424242424 0.402873781632836 0.29469696969697
33 9 0.402873781632836 0.299242424242424 0.402873781632836 0.29469696969697
33 10 0.402873781632836 0.299242424242424 0.402873781632836 0.29469696969697
34 2 0.400986989180005 0.29469696969697 0.400986989180005 0.308333333333333
34 3 0.400986989180005 0.29469696969697 0.400986989180005 0.308333333333333
34 4 0.400986989180005 0.303787878787879 0.400986989180005 0.303787878787879
34 5 0.400986989180005 0.303787878787879 0.400986989180005 0.303787878787879
34 6 0.400986989180005 0.303787878787879 0.400986989180005 0.303787878787879
34 7 0.400986989180005 0.303787878787879 0.400986989180005 0.303787878787879
34 8 0.400986989180005 0.303787878787879 0.400986989180005 0.303787878787879
34 9 0.400986989180005 0.303787878787879 0.400986989180005 0.303787878787879
34 10 0.400986989180005 0.303787878787879 0.400986989180005 0.303787878787879
35 2 0.398625145309845 0.290530303030303 0.398625145309845 0.285984848484848
35 3 0.398625145309845 0.290530303030303 0.398625145309845 0.285984848484848
35 4 0.398625145309845 0.295075757575758 0.398625145309845 0.295075757575758
35 5 0.398625145309845 0.295075757575758 0.398625145309845 0.295075757575758
35 6 0.398625145309845 0.295075757575758 0.398625145309845 0.295075757575758
35 7 0.398625145309845 0.295075757575758 0.398625145309845 0.295075757575758
35 8 0.398625145309845 0.295075757575758 0.398625145309845 0.295075757575758
35 9 0.398625145309845 0.295075757575758 0.398625145309845 0.295075757575758
35 10 0.398625145309845 0.295075757575758 0.398625145309845 0.295075757575758
36 2 0.395087409460789 0.299242424242424 0.395087409460789 0.308333333333333
36 3 0.395087409460789 0.299242424242424 0.395087409460789 0.308333333333333
36 4 0.395087409460789 0.299242424242424 0.395087409460789 0.299242424242424
36 5 0.395087409460789 0.299242424242424 0.395087409460789 0.299242424242424
36 6 0.395087409460789 0.299242424242424 0.395087409460789 0.299242424242424
36 7 0.395087409460789 0.299242424242424 0.395087409460789 0.299242424242424
36 8 0.395087409460789 0.299242424242424 0.395087409460789 0.299242424242424
36 9 0.395087409460789 0.299242424242424 0.395087409460789 0.299242424242424
36 10 0.395087409460789 0.299242424242424 0.395087409460789 0.299242424242424
37 2 0.395086291692748 0.303787878787879 0.394850442636144 0.299242424242424
37 3 0.395086291692748 0.303787878787879 0.394850442636144 0.299242424242424
37 4 0.395086291692748 0.303787878787879 0.395086291692748 0.308333333333333
37 5 0.395086291692748 0.303787878787879 0.395086291692748 0.308333333333333
37 6 0.395086291692748 0.303787878787879 0.395086291692748 0.308333333333333
37 7 0.395086291692748 0.303787878787879 0.395086291692748 0.308333333333333
37 8 0.395086291692748 0.303787878787879 0.395086291692748 0.308333333333333
37 9 0.395086291692748 0.303787878787879 0.395086291692748 0.308333333333333
37 10 0.395086291692748 0.303787878787879 0.395086291692748 0.308333333333333
38 2 0.393907046409729 0.308333333333333 0.393671197353125 0.29469696969697
38 3 0.393907046409729 0.308333333333333 0.393671197353125 0.29469696969697
38 4 0.393907046409729 0.308333333333333 0.393907046409729 0.303787878787879
38 5 0.393907046409729 0.308333333333333 0.393907046409729 0.303787878787879
38 6 0.393907046409729 0.308333333333333 0.393907046409729 0.303787878787879
38 7 0.393907046409729 0.308333333333333 0.393907046409729 0.303787878787879
38 8 0.393907046409729 0.308333333333333 0.393907046409729 0.303787878787879
38 9 0.393907046409729 0.308333333333333 0.393907046409729 0.303787878787879
38 10 0.393907046409729 0.308333333333333 0.393907046409729 0.303787878787879
39 2 0.393907046409729 0.303787878787879 0.393671197353125 0.290151515151515
39 3 0.393907046409729 0.303787878787879 0.393671197353125 0.290151515151515
39 4 0.393907046409729 0.303787878787879 0.393907046409729 0.299242424242424
39 5 0.393907046409729 0.303787878787879 0.393907046409729 0.299242424242424
39 6 0.393907046409729 0.303787878787879 0.393907046409729 0.299242424242424
39 7 0.393907046409729 0.303787878787879 0.393907046409729 0.299242424242424
39 8 0.393907046409729 0.303787878787879 0.393907046409729 0.299242424242424
39 9 0.393907046409729 0.303787878787879 0.393907046409729 0.299242424242424
39 10 0.393907046409729 0.303787878787879 0.393907046409729 0.299242424242424
40 2 0.394378744522937 0.303787878787879 0.394142895466333 0.290151515151515
40 3 0.394378744522937 0.303787878787879 0.394142895466333 0.290151515151515
40 4 0.394378744522937 0.303787878787879 0.394378744522937 0.299242424242424
40 5 0.394378744522937 0.303787878787879 0.394378744522937 0.299242424242424
40 6 0.394378744522937 0.303787878787879 0.394378744522937 0.299242424242424
40 7 0.394378744522937 0.303787878787879 0.394378744522937 0.299242424242424
40 8 0.394378744522937 0.303787878787879 0.394378744522937 0.299242424242424
40 9 0.394378744522937 0.303787878787879 0.394378744522937 0.299242424242424
40 10 0.394378744522937 0.303787878787879 0.394378744522937 0.299242424242424
41 2 0.394142895466333 0.29469696969697 0.394142895466333 0.290151515151515
41 3 0.394142895466333 0.29469696969697 0.394142895466333 0.290151515151515
41 4 0.394142895466333 0.29469696969697 0.394142895466333 0.290151515151515
41 5 0.394142895466333 0.29469696969697 0.394142895466333 0.290151515151515
41 6 0.394142895466333 0.29469696969697 0.394142895466333 0.290151515151515
41 7 0.394142895466333 0.29469696969697 0.394142895466333 0.290151515151515
41 8 0.394142895466333 0.29469696969697 0.394142895466333 0.290151515151515
41 9 0.394142895466333 0.29469696969697 0.394142895466333 0.290151515151515
41 10 0.394142895466333 0.29469696969697 0.394142895466333 0.290151515151515
42 2 0.393671197353125 0.303787878787879 0.393671197353125 0.299242424242424
42 3 0.393671197353125 0.303787878787879 0.393671197353125 0.299242424242424
42 4 0.393671197353125 0.303787878787879 0.393671197353125 0.299242424242424
42 5 0.393671197353125 0.303787878787879 0.393671197353125 0.299242424242424
42 6 0.393671197353125 0.303787878787879 0.393671197353125 0.299242424242424
42 7 0.393671197353125 0.303787878787879 0.393671197353125 0.299242424242424
42 8 0.393671197353125 0.303787878787879 0.393671197353125 0.299242424242424
42 9 0.393671197353125 0.303787878787879 0.393671197353125 0.299242424242424
42 10 0.393671197353125 0.303787878787879 0.393671197353125 0.299242424242424
43 2 0.393671197353125 0.304166666666667 0.393671197353125 0.304166666666667
43 3 0.393671197353125 0.304166666666667 0.393671197353125 0.304166666666667
43 4 0.393671197353125 0.304166666666667 0.393671197353125 0.304166666666667
43 5 0.393671197353125 0.304166666666667 0.393671197353125 0.304166666666667
43 6 0.393671197353125 0.304166666666667 0.393671197353125 0.304166666666667
43 7 0.393671197353125 0.304166666666667 0.393671197353125 0.304166666666667
43 8 0.393671197353125 0.304166666666667 0.393671197353125 0.304166666666667
43 9 0.393671197353125 0.304166666666667 0.393671197353125 0.304166666666667
43 10 0.393671197353125 0.304166666666667 0.393671197353125 0.304166666666667
44 2 0.393435348296521 0.304166666666667 0.393435348296521 0.304166666666667
44 3 0.393435348296521 0.304166666666667 0.393435348296521 0.304166666666667
44 4 0.393435348296521 0.304166666666667 0.393435348296521 0.304166666666667
44 5 0.393435348296521 0.304166666666667 0.393435348296521 0.304166666666667
44 6 0.393435348296521 0.304166666666667 0.393435348296521 0.304166666666667
44 7 0.393435348296521 0.304166666666667 0.393435348296521 0.304166666666667
44 8 0.393435348296521 0.304166666666667 0.393435348296521 0.304166666666667
44 9 0.393435348296521 0.304166666666667 0.393435348296521 0.304166666666667
44 10 0.393435348296521 0.304166666666667 0.393435348296521 0.304166666666667
45 2 0.393435348296521 0.304166666666667 0.393435348296521 0.304166666666667
45 3 0.393435348296521 0.304166666666667 0.393435348296521 0.304166666666667
45 4 0.393435348296521 0.304166666666667 0.393435348296521 0.304166666666667
45 5 0.393435348296521 0.304166666666667 0.393435348296521 0.304166666666667
45 6 0.393435348296521 0.304166666666667 0.393435348296521 0.304166666666667
45 7 0.393435348296521 0.304166666666667 0.393435348296521 0.304166666666667
45 8 0.393435348296521 0.304166666666667 0.393435348296521 0.304166666666667
45 9 0.393435348296521 0.304166666666667 0.393435348296521 0.304166666666667
45 10 0.393435348296521 0.304166666666667 0.393435348296521 0.304166666666667
46 2 0.393435348296521 0.304166666666667 0.393435348296521 0.304166666666667
46 3 0.393435348296521 0.304166666666667 0.393435348296521 0.304166666666667
46 4 0.393435348296521 0.304166666666667 0.393435348296521 0.304166666666667
46 5 0.393435348296521 0.304166666666667 0.393435348296521 0.304166666666667
46 6 0.393435348296521 0.304166666666667 0.393435348296521 0.304166666666667
46 7 0.393435348296521 0.304166666666667 0.393435348296521 0.304166666666667
46 8 0.393435348296521 0.304166666666667 0.393435348296521 0.304166666666667
46 9 0.393435348296521 0.304166666666667 0.393435348296521 0.304166666666667
46 10 0.393435348296521 0.304166666666667 0.393435348296521 0.304166666666667
47 2 0.393435348296521 0.304166666666667 0.393435348296521 0.304166666666667
47 3 0.393435348296521 0.304166666666667 0.393435348296521 0.304166666666667
47 4 0.393435348296521 0.304166666666667 0.393435348296521 0.304166666666667
47 5 0.393435348296521 0.304166666666667 0.393435348296521 0.304166666666667
47 6 0.393435348296521 0.304166666666667 0.393435348296521 0.304166666666667
47 7 0.393435348296521 0.304166666666667 0.393435348296521 0.304166666666667
47 8 0.393435348296521 0.304166666666667 0.393435348296521 0.304166666666667
47 9 0.393435348296521 0.304166666666667 0.393435348296521 0.304166666666667
47 10 0.393435348296521 0.304166666666667 0.393435348296521 0.304166666666667
48 2 0.393199499239918 0.304166666666667 0.393199499239918 0.304166666666667
48 3 0.393199499239918 0.304166666666667 0.393199499239918 0.304166666666667
48 4 0.393199499239918 0.304166666666667 0.393199499239918 0.304166666666667
48 5 0.393199499239918 0.304166666666667 0.393199499239918 0.304166666666667
48 6 0.393199499239918 0.304166666666667 0.393199499239918 0.304166666666667
48 7 0.393199499239918 0.304166666666667 0.393199499239918 0.304166666666667
48 8 0.393199499239918 0.304166666666667 0.393199499239918 0.304166666666667
48 9 0.393199499239918 0.304166666666667 0.393199499239918 0.304166666666667
48 10 0.393199499239918 0.304166666666667 0.393199499239918 0.304166666666667
49 2 0.391312706787088 0.304166666666667 0.391312706787088 0.308712121212121
49 3 0.391312706787088 0.304166666666667 0.391312706787088 0.308712121212121
49 4 0.391312706787088 0.304166666666667 0.391312706787088 0.308712121212121
49 5 0.391312706787088 0.304166666666667 0.391312706787088 0.308712121212121
49 6 0.391312706787088 0.304166666666667 0.391312706787088 0.308712121212121
49 7 0.391312706787088 0.304166666666667 0.391312706787088 0.308712121212121
49 8 0.391312706787088 0.304166666666667 0.391312706787088 0.308712121212121
49 9 0.391312706787088 0.304166666666667 0.391312706787088 0.308712121212121
49 10 0.391312706787088 0.304166666666667 0.391312706787088 0.308712121212121
50 2 0.391783287132254 0.3125 0.391783287132254 0.3125
50 3 0.391783287132254 0.3125 0.391783287132254 0.3125
50 4 0.391783287132254 0.3125 0.391783287132254 0.3125
50 5 0.391783287132254 0.3125 0.391783287132254 0.3125
50 6 0.391783287132254 0.3125 0.391783287132254 0.3125
50 7 0.391783287132254 0.3125 0.391783287132254 0.3125
50 8 0.391783287132254 0.3125 0.391783287132254 0.3125
50 9 0.391783287132254 0.3125 0.391783287132254 0.3125
50 10 0.391783287132254 0.3125 0.391783287132254 0.3125